4294967278,104
4294967278,103
4294967278,102
4294967278,101
4294967278,99
4294967278,98
4294967278,97
4294967278,96
4294967278,95
4294967278,94
4294967278,93
4294967278,92
4294967278,91
4294967278,90
4294967278,84
4294967278,81
4294967278,71
4294967279,102
4294967279,100
4294967279,99
4294967279,98
4294967279,97
4294967279,96
4294967279,95
4294967279,94
4294967279,92
4294967279,91
4294967279,90
4294967279,89
4294967279,87
4294967279,86
4294967279,85
4294967279,84
4294967279,81
4294967279,80
4294967279,79
4294967279,78
4294967279,77
4294967279,76
4294967279,75
4294967279,74
4294967279,73
4294967279,71
4294967279,70
4294967279,69
4294967279,68
4294967279,67
4294967279,62
4294967279,61
4294967293,131
4294967293,130
4294967293,129
4294967293,128
4294967293,127
4294967293,126
4294967293,125
4294967293,124
4294967293,123
4294967293,122
4294967293,121
4294967293,120
4294967293,119
4294967293,118
4294967293,117
4294967293,116
4294967293,115
4294967293,114
4294967293,113
4294967293,112
4294967293,111
4294967293,110
4294967293,109
4294967293,108
4294967293,107
4294967293,106
4294967293,105
4294967293,104
4294967293,103
4294967293,102
4294967293,101
4294967293,100
4294967293,99
4294967293,98
4294967293,97
4294967293,96
4294967293,95
4294967293,94
4294967293,93
4294967293,92
4294967293,91
4294967293,90
4294967293,89
4294967293,87
4294967293,86
4294967293,85
4294967293,84
4294967293,83
4294967293,82
4294967293,81
4294967293,80
4294967293,79
4294967293,78
4294967293,77
4294967293,76
4294967293,75
4294967293,74
4294967293,73
4294967293,72
4294967293,71
4294967293,70
4294967293,69
4294967293,68
4294967293,67
4294967293,66
4294967293,65
4294967293,64
4294967293,63
4294967293,62
4294967293,61
4294967293,60
4294967293,59
4294967293,58
4294967293,57
4294967293,56
4294967293,55
4294967293,54
4294967293,53
4294967293,52
4294967293,51
4294967293,50
4294967293,49
4294967293,48
4294967293,47
4294967293,46
4294967293,45
4294967293,44
4294967293,43
4294967293,42
4294967293,41
4294967293,40
4294967293,39
4294967293,38
4294967293,37
4294967293,36
4294967293,35
4294967293,34
4294967293,33
4294967293,32
4294967293,31
4294967293,30
4294967293,29
4294967293,28
4294967293,27
4294967293,26
4294967293,25
4294967293,24
4294967293,23
4294967293,22
4294967293,21
4294967293,20
4294967293,19
4294967293,18
4294967293,17
4294967293,16
4294967293,15
4294967293,14
4294967293,13
4294967293,12
4294967293,11
4294967293,10
4294967293,9
4294967293,8
4294967293,7
4294967293,6
4294967293,5
4294967293,4
4294967293,3
4294967278,100
4294967278,86
4294967278,85
4294967278,83
4294967278,82
4294967278,80
4294967278,79
4294967278,77
4294967278,76
4294967278,75
4294967278,74
4294967278,301
4294967278,300
4294967278,70
4294967278,68
4294967278,297
4294967278,67
4294967278,296
4294967278,66
4294967278,295
4294967278,65
4294967278,294
4294967278,64
4294967278,293
4294967278,63
4294967278,62
4294967278,368
4294967278,61
4294967278,358
4294967278,60
4294967278,291
4294967278,59
4294967278,415
4294967278,357
4294967278,58
4294967278,356
4294967278,57
4294967278,54
4294967278,353
4294967278,52
4294967278,51
4294967278,50
4294967278,49
4294967278,48
4294967278,47
4294967278,46
4294967278,43
4294967278,42
4294967278,41
4294967278,40
4294967278,39
4294967278,38
4294967278,37
4294967278,36
4294967278,35
4294967278,34
4294967278,33
4294967278,32
4294967278,31
4294967278,30
4294967278,29
4294967278,28
4294967278,27
4294967278,26
4294967278,25
4294967278,24
4294967278,23
4294967278,22
4294967278,21
4294967278,20
4294967278,19
4294967278,18
4294967278,17
4294967278,16
4294967278,15
4294967278,14
4294967278,13
4294967278,12
4294967278,11
4294967278,10
4294967278,348
4294967278,0
4294967278,260
4294967279,127
4294967279,123
4294967279,122
4294967279,117
4294967279,115
4294967279,114
4294967279,113
4294967279,109
4294967279,2
4294967279,101
4294967279,93
4294967279,83
4294967279,82
4294967279,72
4294967279,63
4294967279,60
4294967279,294
4294967279,59
4294967279,429
4294967279,58
4294967279,428
4294967279,57
4294967279,427
4294967279,56
4294967279,426
4294967279,55
4294967279,425
4294967279,54
4294967279,52
4294967279,51
4294967279,50
4294967279,49
4294967279,48
4294967279,47
4294967279,44
4294967279,43
4294967279,42
4294967279,41
4294967279,39
4294967279,38
4294967279,36
4294967279,35
4294967279,32
4294967279,30
4294967279,29
4294967279,24
4294967279,88
4294967279,174
4294967279,260
5,5
12,8
3,6
0,5
9,1
9,5
13,8
4294967278,208
13,7
4294967279,541
4294967279,410
4294967279,0
12,6
12,9
9,6
12,1
3,1
13,5
13,10
13,4
13,1
4294967294,417
2,5
12,7
12,4
12,5
13,9
13,11
7,4
7,5
6,4
6,5
5,4
6,6
5,6
13,6
3,4
3,5
2,4
2,1
4294967278,89
4294967278,87
4294967294,12
4294967294,11
11,5
4294967294,470
4294967294,1362
4294967294,1361
11,1
11,9
11,8
11,7
11,98
11,11
11,4
11,12
11,6
4294967294,7
4294967294,6
4294967294,22
4294967294,17
4294967294,42
4294967294,76
4294967294,41
4294967294,469
4294967294,967
4294967294,67
4294967294,68
4294967294,471
4294967294,1360
4294967294,957
4294967294,1373
4294967294,1800
4294967294,1805
4294967294,926
4294967294,1397
4294967294,5
4294967294,1804
4294967294,927
4294967294,149
4294967294,1376
4294967294,300
4294967294,299
4294967294,298
4294967294,297
4294967294,296
4294967294,295
4294967294,294
4294967294,293
4294967294,292
4294967294,291
4294967294,290
4294967294,289
4294967294,288
4294967294,287
4294967294,671
4294967294,481
4294967294,286
4294967294,285
4294967294,284
4294967294,283
4294967294,282
4294967294,281
4294967294,280
4294967294,279
4294967294,278
4294967294,277
4294967294,276
4294967294,275
4294967294,274
4294967294,273
4294967294,272
4294967294,271
4294967294,270
4294967294,269
4294967294,268
4294967294,267
4294967294,266
4294967294,265
4294967294,264
4294967294,505
4294967294,263
4294967294,262
4294967294,261
4294967294,260
4294967294,259
4294967294,258
4294967294,257
4294967294,256
4294967294,255
4294967294,254
4294967294,253
4294967294,252
4294967294,251
4294967294,250
4294967294,249
4294967294,248
4294967294,665
4294967294,247
4294967294,246
4294967294,245
4294967294,244
4294967294,243
4294967294,242
4294967294,240
4294967294,239
4294967294,238
4294967294,236
4294967294,235
4294967294,234
4294967294,233
4294967294,232
4294967294,231
4294967294,229
4294967294,227
4294967294,226
4294967294,225
4294967294,224
4294967294,223
4294967294,222
4294967294,221
4294967294,220
4294967294,2299
4294967294,219
4294967294,218
4294967294,217
4294967294,216
4294967294,215
4294967294,214
4294967294,213
4294967294,212
4294967294,664
4294967294,210
4294967294,1393
4294967294,208
4294967294,207
4294967294,204
4294967294,203
4294967294,202
4294967294,201
4294967294,199
4294967294,198
4294967294,197
4294967294,196
4294967294,195
4294967294,194
4294967294,193
4294967294,192
4294967294,831
4294967294,830
4294967294,829
4294967294,828
4294967294,826
4294967294,825
4294967294,822
4294967294,821
4294967294,820
4294967294,819
4294967294,818
4294967294,813
4294967294,812
4294967294,810
4294967294,808
4294967294,805
4294967294,804
4294967294,803
4294967294,802
4294967294,801
4294967294,800
4294967294,799
4294967294,1802
4294967294,795
4294967294,794
4294967294,791
4294967294,788
4294967294,787
4294967294,786
4294967294,669
4294967294,783
4294967294,661
4294967294,659
4294967294,781
4294967294,779
4294967294,778
4294967294,777
4294967294,775
4294967294,773
4294967294,771
4294967294,770
4294967294,769
4294967294,487
4294967294,768
4294967294,767
4294967294,766
4294967294,765
4294967294,764
4294967294,762
4294967294,761
4294967294,760
4294967294,759
4294967294,758
4294967294,757
4294967294,756
4294967294,755
4294967294,754
4294967294,753
4294967294,752
4294967294,751
4294967294,750
4294967294,749
4294967294,748
4294967294,747
4294967294,743
4294967294,741
4294967294,652
4294967294,738
4294967294,737
4294967294,736
4294967294,735
4294967294,734
4294967294,733
4294967294,732
4294967294,731
4294967294,729
4294967294,728
4294967294,726
4294967294,724
4294967294,723
4294967294,722
4294967294,721
4294967294,720
4294967294,718
4294967294,717
4294967294,715
4294967294,712
4294967294,710
4294967294,647
4294967294,707
4294967294,706
4294967294,650
4294967294,704
4294967294,637
4294967294,636
4294967294,635
4294967294,632
4294967294,649
4294967294,631
4294967294,629
4294967294,628
4294967294,627
4294967294,495
4294967294,646
4294967294,625
4294967294,622
4294967294,621
4294967294,620
4294967294,618
4294967294,497
4294967294,616
4294967294,612
4294967294,611
4294967294,670
4294967294,608
4294967294,667
4294967294,653
4294967294,605
4294967294,643
4294967294,604
4294967294,602
4294967294,1385
4294967294,956
4294967294,599
4294967294,595
4294967294,592
4294967294,591
4294967294,589
4294967294,587
4294967294,585
4294967294,584
4294967294,583
4294967294,582
4294967294,581
4294967294,1699
4294967294,1700
4294967294,578
4294967294,576
4294967294,1394
4294967294,575
4294967294,1697
4294967294,570
4294967294,569
4294967294,568
4294967294,567
4294967294,565
4294967294,662
4294967294,564
4294967294,563
4294967294,562
4294967294,561
4294967294,1696
4294967294,1698
4294967294,72
4294967294,115
4294967294,654
4294967294,99
1,3
1,0
4294967294,1379
4294967294,71
4294967294,70
4294967294,1695
4294967294,104
4294967294,106
4294967294,107
4294967294,566
4294967294,644
4294967294,657
4294967294,549
4294967294,668
4294967294,959
4294967294,547
4294967294,648
4294967294,545
4294967294,544
4294967294,1798
4294967294,666
4294967294,542
4294967294,645
4294967294,655
4294967294,640
4294967294,541
4294967294,211
4294967294,663
4294967294,814
4294967294,642
4294967294,1359
4294967294,660
4294967294,811
4294967294,651
4294967294,727
4294967294,656
4294967294,540
4294967294,537
4294967294,530
4294967294,1383
4294967279,496
4294967279,424
4294967278,382
4294967279,423
4294967278,352
4294967279,452
4294967278,381
4294967279,292
4294967278,414
4294967278,363
4294967279,422
4294967278,351
4294967278,377
4294967294,673
4294967294,1796
4294967294,1692
4294967294,1693
4294967294,1694
4294967294,674
4294967294,1691
4294967294,672
4294967294,1690
4294967294,689
4294967294,1689
4294967294,1769
4294967294,1356
4294967294,691
4294967294,1389
4294967294,435
4294967294,1797
4294967294,1358
